6.827039 2.152496 1
6.11217 0.09899635 1
6.206965 0.0854622 1
5.083878 -0.01122547 1
5.509214 2.198774 1
6.330571 3.067141 1
7.333503 1.211307 1
6.82265 1.293456 1
6.473254 1.326478 1
5.000634 2.230394 1
5.373725 1.627823 1
7.883609 -0.196271 1
6.438894 -0.7149932 1
5.265458 0.5863695 1
8.229854 -0.1504443 1
7.286772 -0.6208493 1
5.446233 -1.361433 1
4.89687 0.8280574 1
8.13463 -0.7743978 1
4.266001 2.814525 1
5.68961 0.02284882 1
8.344594 -0.9884053 1
4.600314 2.638056 1
6.033413 -0.3646629 1
6.337371 0.4586030 1
6.202097 0.7177889 1
3.653091 2.070456 1
6.398869 0.1804878 1
4.699418 1.741951 1
3.229740 1.886955 1
6.818047 0.5191344 1
5.709529 1.055140 1
5.782652 -0.572134 1
6.101537 1.984709 1
6.68053 2.185039 1
5.563064 0.6543694 1
7.984953 -0.5339483 1
6.182413 1.218587 1
7.511601 1.147405 1
5.711051 0.09942 1
6.22428 0.9610137 1
7.498883 -1.374147 1
6.125485 0.2771524 1
5.231994 3.343745 1
5.19144 0.06776787 1
6.724834 1.905911 1
6.731987 0.6506181 1
4.547409 0.7207288 1
3.254977 2.157921 1
6.022298 0.08036563 1
3.831674 1.514742 1
7.45738 1.584779 1
6.329089 1.027664 1
3.209404 3.010329 1
2.546574 2.058116 1
8.190222 0.5825091 1
4.894368 0.4884863 1
5.865714 1.085223 1
6.711935 -0.3458909 1
6.198358 2.936121 1
6.121221 1.401309 1
5.921685 1.894802 1
6.089793 2.378916 1
6.376906 1.307669 1
3.367961 0.6975804 1
8.141813 -0.3921462 1
4.872022 2.355987 1
5.579023 0.1901312 1
3.027237 5.288871 1
6.745124 1.755834 1
7.360262 1.825198 1
7.65384 0.863498 1
5.54801 1.865082 1
5.47512 0.6455882 1
7.150075 0.06117871 1
4.973566 1.345088 1
4.047735 3.10486 1
6.626823 1.267475 1
8.144231 0.2939633 1
5.933005 0.2763316 1
6.956831 1.271375 1
6.534275 0.4404135 1
2.370997 3.175137 1
4.202811 0.4476423 1
5.785148 2.415102 1
5.964088 -0.2661927 1
5.84595 -0.01166828 1
7.749244 0.4593826 1
5.623793 3.294886 1
6.410324 2.076133 1
5.813167 0.8011037 1
7.646791 -0.03017875 1
3.474175 -0.001007615 1
4.476595 3.159353 1
4.275896 1.256461 1
8.761843 1.583969 1
5.791537 1.010989 1
3.424573 0.7035876 1
5.953703 2.241268 1
8.325914 3.937833 1
5.691345 -0.01135155 1
4.88105 0.7706293 1
4.440896 2.564205 1
6.314682 0.05206282 1
6.050564 0.7186222 1
5.30734 1.553771 1
5.084387 0.8612981 1
7.721033 0.01593168 1
5.525423 1.766709 1
6.401864 0.3475052 1
7.24302 0.08233452 1
6.524872 0.4004559 1
8.073902 -2.199124 1
6.416648 0.7829974 1
8.240649 0.05822261 1
5.314644 0.1477837 1
4.585536 2.320910 1
3.778962 1.093419 1
5.935983 -0.09455235 1
7.6242 1.312855 1
5.484128 0.6592862 1
5.712917 1.716560 1
6.651795 -0.1628533 1
3.849388 2.792951 1
4.639685 2.023669 1
4.415208 0.3400696 1
9.299268 -0.4102449 1
6.582269 3.063176 1
5.245371 1.354273 1
5.052311 1.026855 1
7.554843 1.059927 1
6.209325 2.011081 1
6.087335 1.417089 1
6.163434 1.528867 1
6.788136 0.789361 1
6.213014 0.5899849 1
8.400451 0.03551576 1
4.222853 -0.1406331 1
8.17102 2.289357 1
5.216601 1.173437 1
7.508439 -0.2303481 1
5.67814 0.9361943 1
6.188623 0.4172578 1
6.537611 0.2519683 1
5.938433 2.605711 1
7.825317 -0.2303666 1
6.5846 2.465739 1
5.448139 -0.7169469 1
7.139432 0.4613325 1
5.299858 0.06455804 1
6.072101 5.241097 1
5.557939 1.209322 1
6.018166 2.860889 1
5.973531 1.065406 1
5.667019 0.5270825 1
7.929671 0.4925188 1
4.708818 2.30092 1
5.748124 2.450763 1
7.702484 -2.349729 1
6.239605 0.3204009 1
6.75997 -0.04347853 1
5.248544 0.5613507 1
7.404249 1.246072 1
7.969204 0.3346117 1
6.813919 3.448414 1
4.728898 2.542412 1
4.716846 1.056514 1
6.301117 -0.9269289 1
6.928245 0.4963956 1
6.359577 -1.389851 1
7.966594 -2.772868 1
5.993001 2.133703 1
6.541434 -0.1157151 1
5.248896 3.056577 1
6.206936 -0.755676 1
8.066764 -1.362360 1
7.477303 -1.514074 1
7.160924 -0.1219841 1
6.421735 1.362527 1
7.112362 -0.6217357 1
6.692747 0.1863138 1
7.638301 -0.1941448 1
7.309223 -0.08783204 1
5.307412 0.837757 1
4.042456 0.8793073 1
6.536032 0.3142207 1
5.642205 0.5114633 1
3.66184 0.6228617 1
5.880232 -0.1898939 1
4.865009 -0.6150877 1
3.757756 2.101614 1
6.459204 -0.6580421 1
7.236041 0.6194831 1
9.590531 0.3140941 1
6.492627 1.393279 1
7.364844 -0.8449922 1
7.693755 0.4558232 1
5.750816 1.134102 1
5.885759 0.555564 1
6.988577 0.995124 1
6.827039 2.152496 1
6.11217 0.09899635 1
6.206965 0.0854622 1
5.083878 -0.01122547 1
5.509214 2.198774 1
6.330571 3.067141 1
7.333503 1.211307 1
6.82265 1.293456 1
6.473254 1.326478 1
5.000634 2.230394 1
5.373725 1.627823 1
7.883609 -0.196271 1
6.438894 -0.7149932 1
5.265458 0.5863695 1
8.229854 -0.1504443 1
7.286772 -0.6208493 1
5.446233 -1.361433 1
4.89687 0.8280574 1
8.13463 -0.7743978 1
4.266001 2.814525 1
5.68961 0.02284882 1
8.344594 -0.9884053 1
4.600314 2.638056 1
6.033413 -0.3646629 1
6.337371 0.4586030 1
6.202097 0.7177889 1
3.653091 2.070456 1
6.398869 0.1804878 1
4.699418 1.741951 1
3.229740 1.886955 1
6.818047 0.5191344 1
5.709529 1.055140 1
5.782652 -0.572134 1
6.101537 1.984709 1
6.68053 2.185039 1
5.563064 0.6543694 1
7.984953 -0.5339483 1
6.182413 1.218587 1
7.511601 1.147405 1
5.711051 0.09942 1
6.22428 0.9610137 1
7.498883 -1.374147 1
6.125485 0.2771524 1
5.231994 3.343745 1
5.19144 0.06776787 1
6.724834 1.905911 1
6.731987 0.6506181 1
4.547409 0.7207288 1
3.254977 2.157921 1
6.022298 0.08036563 1
3.831674 1.514742 1
7.45738 1.584779 1
6.329089 1.027664 1
3.209404 3.010329 1
2.546574 2.058116 1
8.190222 0.5825091 1
4.894368 0.4884863 1
5.865714 1.085223 1
6.711935 -0.3458909 1
6.198358 2.936121 1
6.121221 1.401309 1
5.921685 1.894802 1
6.089793 2.378916 1
6.376906 1.307669 1
3.367961 0.6975804 1
8.141813 -0.3921462 1
4.872022 2.355987 1
5.579023 0.1901312 1
3.027237 5.288871 1
6.745124 1.755834 1
7.360262 1.825198 1
7.65384 0.863498 1
5.54801 1.865082 1
5.47512 0.6455882 1
7.150075 0.06117871 1
4.973566 1.345088 1
4.047735 3.10486 1
6.626823 1.267475 1
8.144231 0.2939633 1
5.933005 0.2763316 1
6.956831 1.271375 1
6.534275 0.4404135 1
2.370997 3.175137 1
4.202811 0.4476423 1
5.785148 2.415102 1
5.964088 -0.2661927 1
5.84595 -0.01166828 1
7.749244 0.4593826 1
5.623793 3.294886 1
6.410324 2.076133 1
5.813167 0.8011037 1
7.646791 -0.03017875 1
3.474175 -0.001007615 1
4.476595 3.159353 1
4.275896 1.256461 1
8.761843 1.583969 1
5.791537 1.010989 1
3.424573 0.7035876 1
5.953703 2.241268 1
8.325914 3.937833 1
5.691345 -0.01135155 1
4.88105 0.7706293 1
4.440896 2.564205 1
6.314682 0.05206282 1
6.050564 0.7186222 1
5.30734 1.553771 1
5.084387 0.8612981 1
7.721033 0.01593168 1
5.525423 1.766709 1
6.401864 0.3475052 1
7.24302 0.08233452 1
6.524872 0.4004559 1
8.073902 -2.199124 1
6.416648 0.7829974 1
8.240649 0.05822261 1
5.314644 0.1477837 1
4.585536 2.320910 1
3.778962 1.093419 1
5.935983 -0.09455235 1
7.6242 1.312855 1
5.484128 0.6592862 1
5.712917 1.716560 1
6.651795 -0.1628533 1
3.849388 2.792951 1
4.639685 2.023669 1
4.415208 0.3400696 1
9.299268 -0.4102449 1
6.582269 3.063176 1
5.245371 1.354273 1
5.052311 1.026855 1
7.554843 1.059927 1
6.209325 2.011081 1
6.087335 1.417089 1
6.163434 1.528867 1
6.788136 0.789361 1
6.213014 0.5899849 1
8.400451 0.03551576 1
4.222853 -0.1406331 1
8.17102 2.289357 1
5.216601 1.173437 1
7.508439 -0.2303481 1
5.67814 0.9361943 1
6.188623 0.4172578 1
6.537611 0.2519683 1
5.938433 2.605711 1
7.825317 -0.2303666 1
6.5846 2.465739 1
5.448139 -0.7169469 1
7.139432 0.4613325 1
5.299858 0.06455804 1
6.072101 5.241097 1
5.557939 1.209322 1
6.018166 2.860889 1
5.973531 1.065406 1
5.667019 0.5270825 1
7.929671 0.4925188 1
4.708818 2.30092 1
5.748124 2.450763 1
7.702484 -2.349729 1
6.239605 0.3204009 1
6.75997 -0.04347853 1
5.248544 0.5613507 1
7.404249 1.246072 1
7.969204 0.3346117 1
6.813919 3.448414 1
4.728898 2.542412 1
4.716846 1.056514 1
6.301117 -0.9269289 1
6.928245 0.4963956 1
6.359577 -1.389851 1
7.966594 -2.772868 1
5.993001 2.133703 1
6.541434 -0.1157151 1
5.248896 3.056577 1
6.206936 -0.755676 1
8.066764 -1.362360 1
7.477303 -1.514074 1
7.160924 -0.1219841 1
6.421735 1.362527 1
7.112362 -0.6217357 1
6.692747 0.1863138 1
7.638301 -0.1941448 1
7.309223 -0.08783204 1
5.307412 0.837757 1
4.042456 0.8793073 1
6.536032 0.3142207 1
5.642205 0.5114633 1
3.66184 0.6228617 1
5.880232 -0.1898939 1
4.865009 -0.6150877 1
3.757756 2.101614 1
6.459204 -0.6580421 1
7.236041 0.6194831 1
9.590531 0.3140941 1
6.492627 1.393279 1
7.364844 -0.8449922 1
7.693755 0.4558232 1
5.750816 1.134102 1
5.885759 0.555564 1
6.988577 0.995124 1
3.398695 4.301893 1
4.75011 4.980703 1
5.058415 4.898548 1
5.369894 7.202404 1
3.455424 4.269348 1
5.667888 5.664632 1
5.34865 4.368622 1
3.783691 3.459209 1
5.762785 5.326207 1
5.411124 5.294085 1
5.574808 6.219231 1
4.92848 5.005688 1
4.598868 5.801946 1
4.188091 4.077835 1
6.601504 5.5225 1
6.299945 6.060992 1
7.090308 5.59757 1
5.929066 5.598576 1
5.735595 4.408201 1
5.671936 5.216471 1
5.402833 5.994506 1
5.499766 5.211892 1
5.48823 4.977134 1
3.879995 3.011758 1
7.5225 6.005393 1
4.892398 7.416023 1
5.510785 6.272066 1
4.205959 5.89962 1
4.826982 5.078387 1
6.59288 6.28796 1
3.536750 4.233089 1
4.716054 6.505788 1
3.992755 5.616352 1
3.926386 3.588785 1
6.136589 3.727947 1
4.969105 4.783446 1
3.199390 4.220924 1
5.665884 5.415925 1
5.254175 5.601267 1
4.77119 5.270915 1
5.562126 5.857385 1
4.994361 5.882263 1
5.409714 5.274822 1
3.297502 6.186411 1
6.725314 5.334648 1
5.063482 3.674229 1
4.704511 5.51998 1
5.890029 5.766674 1
5.257998 4.719581 1
4.464588 5.766342 1
5.23339 4.205392 1
4.865682 3.412076 1
5.749173 6.20003 1
5.333062 5.387826 1
3.991561 5.976226 1
5.289729 5.854706 1
5.072934 5.5558 1
5.471936 5.95256 1
5.014674 5.156182 1
3.183807 3.882627 1
4.4052 3.707241 1
5.00077 4.717843 1
5.0334 5.906564 1
5.550541 5.189713 1
4.199262 3.90637 1
5.061181 4.041664 1
4.045469 4.183476 1
3.976924 5.262402 1
5.564651 4.577167 1
5.248283 4.379575 1
4.83762 5.145437 1
4.968691 2.963105 1
5.134209 4.8737 1
7.151376 5.569179 1
3.98731 5.145223 1
3.796423 4.629573 1
6.361202 6.825537 1
6.083723 5.38528 1
4.990045 4.825798 1
5.16983 6.037431 1
4.938553 6.799525 1
5.523872 5.562431 1
4.514115 4.462944 1
6.083179 5.926518 1
6.076992 5.87138 1
5.860625 3.401921 1
5.730755 4.977378 1
4.195832 6.355337 1
5.532502 5.569168 1
6.13526 5.606579 1
4.806844 4.287254 1
4.331924 4.90847 1
4.790234 5.59452 1
5.237533 4.983549 1
4.665512 3.661992 1
2.946015 4.373952 1
6.410209 5.655326 1
4.051110 5.096579 1
5.400998 4.560303 1
5.034231 5.322462 1
4.659356 4.591031 1
3.192709 4.260858 1
3.88851 5.373428 1
4.365177 5.355077 1
3.506784 2.406882 1
4.753707 4.640937 1
4.460232 3.721700 1
5.727348 6.01697 1
6.252976 5.51825 1
5.145476 4.62792 1
6.614198 5.209999 1
5.455033 5.527406 1
4.509184 5.193458 1
3.582811 4.267281 1
4.444784 4.685411 1
4.614825 4.978657 1
4.703967 5.671496 1
4.610838 5.824112 1
5.464392 5.709728 1
5.190978 4.869634 1
5.264204 4.128781 1
6.384715 5.060249 1
1.617085 2.844953 1
5.645264 3.885881 1
4.599643 4.411447 1
5.271529 5.109447 1
4.83334 5.88147 1
4.757755 4.236456 1
5.426896 5.70282 1
4.49768 5.024482 1
3.970508 5.562313 1
5.897981 5.838218 1
4.705888 5.871567 1
3.818392 4.529562 1
3.632284 2.951679 1
5.155335 4.789109 1
5.178409 3.983313 1
5.331404 4.891662 1
5.644834 6.05958 1
5.008033 5.941831 1
5.039322 4.203554 1
6.247279 4.568761 1
6.042035 5.10813 1
5.759494 3.976101 1
4.448305 5.321669 1
5.423188 6.30566 1
4.376502 4.747608 1
8.121954 7.350688 1
5.610243 4.421643 1
3.434545 4.179099 1
5.627827 5.323644 1
5.797628 4.764654 1
5.604358 7.390563 1
6.216761 5.746918 1
5.838298 6.363039 1
3.340163 3.785582 1
6.432297 5.696094 1
5.728598 6.995951 1
4.924761 5.327114 1
4.702267 4.496831 1
6.109401 5.956951 1
4.804477 4.752209 1
4.58337 5.328392 1
5.350104 4.235851 1
4.222923 5.64616 1
6.562853 4.618545 1
4.662146 4.392185 1
4.543685 5.294266 1
4.533869 3.989379 1
3.927553 4.675765 1
2.883158 5.106218 1
4.924058 4.815401 1
4.663017 5.483667 1
4.374793 5.081052 1
4.716639 5.568127 1
3.422922 3.738161 1
5.253373 4.579353 1
4.072228 2.970368 1
5.050178 5.639257 1
4.83695 6.541797 1
3.916118 4.359093 1
4.941426 5.943946 1
5.845895 4.073603 1
6.178177 4.59263 1
4.792696 4.696348 1
3.47772 3.713541 1
5.124077 5.106842 1
5.025813 4.125538 1
4.125505 4.338682 1
3.90319 5.392493 1
5.478609 5.213741 1
2.872772 3.509192 1
5.93392 3.604779 1
4.391877 4.808224 1
5.450852 5.305078 1
3.401497 3.340724 1
5.309618 7.11859 1
6.218915 6.364135 1
5.578634 3.029909 1
4.188264 5.465456 1
1.568557 2.450850 0
2.118338 2.364916 0
0.913156 3.174435 0
0.9941539 2.186975 0
1.265490 2.580917 0
0.6571484 2.879604 0
1.094024 1.762895 0
1.267865 1.750798 0
0.1189252 3.661610 0
-0.1173672 2.822944 0
1.726241 1.307625 0
1.250609 3.161605 0
0.728213 2.426690 0
-0.4113995 3.194303 0
0.5171785 2.244136 0
1.882735 1.520982 0
0.3891091 2.806394 0
0.1761214 2.519817 0
1.697634 1.548454 0
0.4065841 2.967925 0
1.299665 1.424948 0
0.3355159 2.467644 0
0.8416326 1.542415 0
0.3465744 2.132031 0
0.5242456 1.277632 0
0.2835279 2.673734 0
0.4460474 1.857325 0
2.073087 1.965943 0
0.466585 1.463735 0
1.811052 2.158845 0
1.093259 0.9839153 0
2.295221 1.362374 0
2.040104 3.719366 0
0.3023377 2.167422 0
1.221149 0.7390653 0
0.4906112 2.031828 0
1.683595 1.796443 0
0.8231797 2.719514 0
1.988266 1.915532 0
-0.4692937 3.377174 0
0.4781624 2.177484 0
0.4859206 2.510078 0
1.570771 0.9380305 0
0.9119787 1.82389 0
0.9886462 0.5877349 0
0.6442117 0.9019841 0
1.846006 2.998219 0
1.605974 1.908374 0
0.06157285 1.393726 0
0.5947445 2.623174 0
0.1514151 1.295779 0
-0.05041601 1.768687 0
0.3213404 2.114451 0
0.9275651 2.143448 0
1.699602 2.139203 0
0.8643422 2.367856 0
1.553666 2.351054 0
0.2129142 0.840781 0
1.468025 2.254759 0
1.171623 1.962233 0
0.962966 1.365223 0
2.010095 2.634703 0
0.4000875 2.798413 0
-0.4589091 2.583853 0
0.5951447 1.302550 0
1.012363 1.590498 0
1.939298 1.753819 0
1.867813 0.9363172 0
0.961434 2.359672 0
0.553497 1.580871 0
1.035725 2.170702 0
1.538249 1.402382 0
0.9939497 1.601803 0
0.06323845 2.136013 0
0.7930639 1.636438 0
1.310402 3.175189 0
0.7022781 3.34818 0
1.431532 3.185345 0
1.905304 2.621068 0
1.601438 3.313737 0
1.005616 1.359269 0
1.037787 1.321824 0
2.02711 1.053041 0
0.7930128 1.613032 0
0.08072405 2.614158 0
1.512707 2.005059 0
1.252939 1.674830 0
1.812799 2.805413 0
1.343105 1.957565 0
0.945783 3.29955 0
1.230433 1.253511 0
1.723592 1.620667 0
1.069717 2.515537 0
0.7742352 1.597752 0
2.136837 1.068274 0
1.730464 2.154946 0
-0.8843414 1.604095 0
1.630596 1.273200 0
0.2657828 0.6728262 0
0.6495051 2.004869 0
0.6442278 1.509266 0
1.302007 1.750699 0
0.5756328 2.702786 0
1.234967 3.992611 0
0.5137537 2.285950 0
1.551234 2.739853 0
0.4280091 1.144633 0
1.091471 1.405501 0
1.742671 1.733182 0
0.4983905 1.892898 0
1.364371 1.411981 0
2.642566 1.902069 0
-0.2756045 2.896482 0
1.364285 2.079106 0
1.476913 3.728163 0
0.2620090 1.151025 0
-0.344096 2.991846 0
0.06189216 2.136529 0
-0.100252 1.150437 0
-0.7187614 1.524687 0
0.6301339 2.059871 0
0.9663025 1.898736 0
1.621281 2.001104 0
-0.1535245 2.687547 0
-0.08683277 1.553005 0
1.167815 1.558686 0
0.738712 1.345180 0
0.5365571 1.978460 0
1.669165 2.107913 0
0.7334479 2.266849 0
1.192620 1.566976 0
0.00701139 2.756546 0
0.3544964 1.262599 0
1.899049 1.830038 0
1.747726 2.325211 0
1.700359 2.988927 0
-0.3273451 2.535413 0
1.383098 0.4717416 0
-0.02600513 2.280666 0
1.552937 2.686574 0
1.451694 1.352286 0
0.4685774 3.290751 0
2.450329 2.688397 0
0.6126657 2.106495 0
1.370536 2.184989 0
1.418144 1.573157 0
-0.818112 1.49513 0
-0.3431398 2.113887 0
2.247288 2.604604 0
-0.08931187 1.900831 0
0.9789906 2.108232 0
1.057783 1.061234 0
-0.5942861 1.622107 0
1.613283 2.301007 0
1.134119 1.820707 0
0.8400501 2.223767 0
2.210334 3.199212 0
1.720559 1.050571 0
2.121544 2.954254 0
0.6733187 3.184105 0
-0.2587114 1.683375 0
1.261845 2.874398 0
0.1693257 1.633001 0
1.490509 2.109658 0
1.457788 3.096733 0
1.324421 2.056191 0
0.1346208 1.504224 0
1.015373 2.758546 0
0.4495258 2.987298 0
1.948391 1.249200 0
0.961697 1.127479 0
0.7333824 1.864808 0
-0.09398227 2.264423 0
1.984853 1.184986 0
0.7807308 1.604227 0
1.285929 3.431760 0
1.535594 1.158177 0
0.960544 2.717621 0
1.714534 3.435271 0
2.099924 2.461388 0
1.230183 0.7007742 0
-0.05498649 1.709561 0
1.356410 2.785957 0
0.9621298 1.226456 0
0.1576913 2.216747 0
0.3985393 2.007426 0
0.2621395 2.305862 0
0.7400481 2.564770 0
1.718664 2.227564 0
1.460897 0.1090276 0
0.235605 2.625824 0
0.737235 2.071631 0
0.4686344 0.8887578 0
0.4490131 1.245753 0
1.816132 1.938839 0
0.361068 2.011830 0
1.517048 2.872957 0
2.543478 1.032430 0
1.063448 1.884412 0
1.260720 0.8864905 0
5.67143 0.09062672 0
1.491818 2.276703 0
3.563952 1.374750 0
4.430304 3.689399 0
6.801156 1.550023 0
5.775267 2.995372 0
6.457225 0.5267934 0
5.137739 1.485748 0
4.922054 1.017039 0
5.704972 2.920891 0
8.538699 2.197136 0
1.341483 1.718117 0
3.855337 5.363097 0
5.616426 2.502710 0
2.068072 0.5073149 0
2.347787 2.640606 0
4.905689 1.368966 0
5.680255 2.656031 0
4.489605 3.43005 0
3.819615 2.28905 0
4.551226 0.1725229 0
2.832009 0.04176553 0
0.9198371 1.672865 0
5.006757 2.255768 0
4.958163 0.09577425 0
4.518873 1.423848 0
4.788737 0.4899682 0
6.146916 0.6736736 0
1.892688 1.284135 0
2.463447 3.032592 0
6.131694 -0.177798 0
3.999763 3.118397 0
3.421451 0.9534775 0
2.184465 5.027472 0
2.716396 2.975482 0
4.500973 3.231684 0
3.859058 0.7902838 0
3.513918 0.5542286 0
3.893356 3.174681 0
4.848423 1.274071 0
2.965001 2.524891 0
6.28116 0.5793466 0
1.400974 2.137959 0
3.483028 3.786506 0
3.333765 -0.3653545 0
2.411393 3.766308 0
2.682854 2.755878 0
2.95851 1.816980 0
6.231823 1.366402 0
3.374022 1.975156 0
3.205314 5.019745 0
2.919502 1.873531 0
5.667355 0.3830154 0
5.073493 3.152821 0
3.010697 3.351578 0
3.698651 0.5688072 0
2.97016 2.332997 0
5.287095 2.646958 0
2.259427 1.895509 0
1.158103 2.202238 0
2.597660 3.529536 0
1.799181 3.961745 0
2.097655 1.011924 0
5.174142 3.668718 0
3.765794 0.4657288 0
3.1216 3.291304 0
3.744745 2.408872 0
3.852433 2.461715 0
2.683386 5.206334 0
5.806069 -1.378979 0
3.452046 1.597196 0
5.675628 3.700996 0
5.066271 4.698485 0
4.249996 3.764086 0
3.769783 1.449320 0
5.890016 0.8277674 0
5.414491 3.345121 0
4.247771 2.136113 0
3.251654 0.2957606 0
3.154227 0.2907773 0
4.740349 3.711124 0
3.132324 2.585797 0
3.815105 0.9735825 0
2.792602 1.238253 0
4.179302 1.435386 0
3.640765 4.091473 0
3.929869 2.878503 0
5.070372 1.961614 0
1.195788 3.624942 0
4.995574 3.799197 0
2.655809 1.338605 0
3.726296 0.605298 0
6.187718 0.2187146 0
5.429603 1.516899 0
4.796305 1.673638 0
6.788511 -2.272196 0
3.084304 3.036745 0
3.596311 1.275879 0
3.719107 2.388923 0
3.568915 4.697409 0
2.724835 2.213641 0
4.065275 1.573116 0
0.9598256 4.644086 0
3.016658 0.9469232 0
5.08828 1.633030 0
2.763627 0.6361249 0
5.953732 0.2150201 0
3.192025 1.749976 0
3.972744 2.388683 0
6.060276 2.466249 0
5.595408 0.04846756 0
4.406957 0.6388106 0
2.545091 1.390394 0
1.618335 2.603950 0
3.723692 3.670434 0
6.870702 3.51633 0
0.3711904 4.508735 0
2.829476 -0.2039222 0
4.281493 4.257336 0
5.027215 2.928373 0
5.037499 0.519455 0
2.550844 2.936402 0
1.835969 3.985575 0
4.759752 -1.152407 0
2.315623 2.016643 0
4.667416 2.236065 0
2.459076 2.984309 0
5.857553 1.73372 0
5.63606 1.355640 0
3.855033 1.648917 0
4.9807 2.953128 0
4.565820 1.850388 0
1.292419 -1.205734 0
2.305552 2.124077 0
5.170302 2.463083 0
6.362126 -0.4863723 0
4.609296 1.357698 0
4.931427 2.434291 0
2.959665 0.7537921 0
2.892992 1.717448 0
4.463043 4.627646 0
2.455105 3.596114 0
3.374127 0.4994004 0
3.983565 4.030989 0
4.42224 3.366878 0
3.172948 1.314255 0
3.192717 4.427062 0
5.138495 1.642483 0
4.893578 3.263449 0
3.878017 4.544495 0
5.625407 -0.5125021 0
2.888184 2.232337 0
1.689724 3.830224 0
6.022954 1.045080 0
3.325008 0.8999822 0
5.477208 -0.04414733 0
5.049703 2.785737 0
5.415482 2.162409 0
2.224645 2.556158 0
4.26847 2.970291 0
3.387081 2.818286 0
6.066116 -1.007844 0
2.3007 4.174938 0
2.779885 2.555011 0
2.031690 1.925731 0
4.037049 0.5811401 0
4.081599 1.388419 0
5.363292 1.620102 0
1.717337 4.695504 0
5.619023 2.534664 0
1.570150 3.891778 0
5.340249 1.472886 0
5.415574 3.322929 0
5.036703 2.449409 0
4.342682 2.070229 0
2.077788 2.468510 0
6.97641 0.8341299 0
2.504666 1.567564 0
5.655812 0.1855142 0
2.706899 3.36435 0
4.22184 1.136228 0
4.753018 2.913088 0
3.004069 2.316848 0
5.953605 2.489826 0
7.242287 2.198971 0
3.452208 1.911769 0
5.513888 3.223652 0
4.731433 0.2267919 0
4.299974 3.455574 0
4.060669 2.341360 0
0.7898061 4.871609 0
3.128131 2.789871 0
3.252016 2.063485 0
4.70121 3.572379 0
3.222324 0.874362 0
5.089758 2.123122 0
5.993497 2.230868 0
1.98698 1.097652 0
4.53866 1.496526 0
5.061047 2.061626 0
1.985275 0.90935 0
1.422561 2.458152 0
2.621685 1.433183 0
0.1465027 1.139089 0
1.447883 2.830319 0
1.444487 2.345004 0
2.593849 0.9490392 0
2.10734 1.908366 0
1.169949 1.059961 0
2.541659 1.704823 0
0.877437 2.368682 0
1.135029 2.303725 0
2.126432 1.772530 0
0.9113586 1.605320 0
1.602447 4.550794 0
1.278974 2.487889 0
2.900927 2.184449 0
3.645570 1.490395 0
1.347142 2.736269 0
2.019343 0.2431344 0
1.336758 3.311332 0
0.1974130 2.322509 0
3.387926 -0.2064148 0
3.401476 1.326824 0
0.4611839 3.574785 0
1.107333 3.329734 0
3.29197 3.200483 0
5.110157 1.695934 0
1.746716 2.512011 0
1.682042 1.465392 0
2.967361 1.368931 0
4.531289 3.268189 0
4.994605 -1.053223 0
3.328730 1.068619 0
3.143694 2.248896 0
0.4493136 2.791780 0
1.191709 2.842916 0
1.669607 2.200422 0
2.208517 2.195943 0
2.220080 1.888020 0
1.419068 2.558176 0
1.848050 2.469789 0
1.774071 2.098873 0
2.674249 2.046164 0
2.948764 3.398294 0
2.699975 3.739063 0
1.528745 2.321449 0
2.255926 0.7849445 0
1.132494 3.533815 0
0.06767184 3.286220 0
1.268121 2.533269 0
4.232558 0.3099123 0
2.243843 2.491805 0
1.287789 1.939565 0
2.533864 1.293332 0
1.910473 1.497410 0
1.760098 2.703654 0
1.108695 2.440855 0
1.014833 2.697639 0
1.619061 0.8062923 0
0.6066464 5.045586 0
3.106796 2.322196 0
2.145436 2.523292 0
3.256645 1.533950 0
0.1134407 3.876559 0
2.127688 2.223490 0
3.237538 1.157786 0
1.616949 0.5083251 0
2.884615 2.209462 0
1.892731 1.564901 0
2.022382 1.591587 0
4.465149 0.2457738 0
1.557264 2.830351 0
1.347027 0.2556617 0
1.808621 1.798029 0
2.865381 2.436870 0
2.243437 4.274507 0
1.230852 1.490529 0
3.266204 0.9615384 0
1.318434 3.039142 0
0.9013109 2.609176 0
2.077593 2.194808 0
1.732838 2.645381 0
3.839223 3.245476 0
3.809621 1.990977 0
1.184856 3.303085 0
3.493179 1.530536 0
1.085769 2.325152 0
2.569059 1.870659 0
2.858974 1.927389 0
2.393151 0.990261 0
2.75199 1.199407 0
1.519827 1.548553 0
1.348081 2.522571 0
1.351439 2.278787 0
2.42449 1.989188 0
0.2472647 2.151106 0
1.801865 1.131690 0
1.384490 2.941324 0
1.246353 2.569039 0
2.698437 1.929957 0
2.419502 3.374803 0
1.538603 1.075091 0
1.571488 2.486217 0
2.430501 0.9526143 0
2.998173 2.913166 0
1.886029 2.384477 0
2.595746 2.469307 0
1.181168 3.024407 0
3.14377 0.7155318 0
2.117853 1.759232 0
1.307567 0.8427971 0
2.912974 0.9833997 0
1.673415 2.249947 0
2.20752 1.619212 0
1.069472 1.499280 0
1.895971 2.176703 0
2.321094 0.6668396 0
2.506076 1.742182 0
4.306076 0.461813 0
2.988843 2.034459 0
0.6329268 1.009135 0
1.345689 2.830234 0
2.666053 1.277155 0
2.95249 3.867087 0
1.936183 2.520831 0
3.964478 1.836883 0
3.339537 0.146709 0
2.178538 1.894214 0
1.061000 2.969867 0
0.917785 1.526418 0
3.10168 1.060361 0
2.050392 2.097268 0
0.9269646 2.437909 0
0.9462717 1.784844 0
1.211877 3.242789 0
2.705814 1.597978 0
1.111045 2.212964 0
0.2619350 1.841733 0
2.626187 2.930304 0
2.59515 0.288857 0
2.461571 2.195224 0
2.498719 2.366414 0
1.664008 1.450958 0
1.540633 2.907255 0
2.461095 3.109101 0
0.547914 3.219224 0
1.665324 -0.2171898 0
3.729335 0.7535905 0
2.218499 2.500996 0
1.512151 3.612162 0
2.124342 1.115150 0
1.133723 2.44086 0
2.206825 0.8612256 0
2.717912 1.510127 0
1.954469 1.631936 0
2.58683 1.507128 0
1.447678 1.445803 0
2.461804 1.670434 0
0.4545622 -0.1758705 0
0.8637748 3.118812 0
2.296971 1.109749 0
2.139704 1.437040 0
1.665763 0.948987 0
1.788643 1.324138 0
1.398543 2.361392 0
1.487957 2.537363 0
0.3436752 2.851109 0
1.947105 2.134215 0
1.787095 1.819991 0
2.534685 3.596784 0
2.593585 1.972659 0
2.816107 2.027290 0
3.170991 2.072238 0
-0.2447158 2.739945 0
1.654573 4.803027 0
1.218761 1.357641 0
3.420773 2.534303 0
0.4802252 2.350804 0
2.923937 1.169694 0
3.253603 1.464816 0
1.717825 2.079853 0
1.463865 2.497704 0
1.731123 3.582919 0
1.581808 2.182208 0
0.2616742 3.180687 0
1.047585 2.333946 0
1.93742 1.952155 0
1.957993 2.039351 0
3.307038 0.6642833 0
4.469665 2.284265 0
1.322955 1.74792 0
1.428109 3.059269 0
3.050768 3.142820 0
0.6218563 2.194623 0
1.403155 0.1168971 0
1.905298 2.029762 0
2.670395 0.06829516 0
2.572027 2.590153 0
2.586749 2.125671 0
