4.832843 0.1798936 1
4.606453 0.3068152 1
7.183071 -1.357826 1
5.598249 -0.6369624 1
6.678585 -1.026858 1
6.485972 -0.04036884 1
8.316641 -1.476260 1
6.085464 1.774784 1
8.688553 -1.093399 1
6.021645 0.6716296 1
5.94442 1.349138 1
4.661973 2.119248 1
7.698471 -0.4069046 1
4.196550 0.1132122 1
7.279063 1.023640 1
4.664018 1.702979 1
8.769375 -2.397420 1
7.832479 -0.08425681 1
7.25376 -0.2072104 1
7.351883 -1.152508 1
4.832843 0.1798936 1
4.606453 0.3068152 1
7.183071 -1.357826 1
5.598249 -0.6369624 1
6.678585 -1.026858 1
6.485972 -0.04036884 1
8.316641 -1.476260 1
6.085464 1.774784 1
8.688553 -1.093399 1
6.021645 0.6716296 1
5.94442 1.349138 1
4.661973 2.119248 1
7.698471 -0.4069046 1
4.196550 0.1132122 1
7.279063 1.023640 1
4.664018 1.702979 1
8.769375 -2.397420 1
7.832479 -0.08425681 1
7.25376 -0.2072104 1
7.351883 -1.152508 1
5.881839 5.38793 1
4.688697 5.242001 1
4.964373 5.452506 1
6.190188 5.381534 1
6.523685 5.70972 1
3.553880 4.663074 1
4.191769 4.618727 1
3.503955 5.040348 1
4.03212 3.832512 1
4.009507 4.243009 1
4.37357 3.937179 1
5.216178 5.20193 1
2.50048 4.836109 1
3.762998 5.013002 1
4.111854 4.085432 1
4.537651 4.776972 1
6.297136 5.185455 1
5.924411 5.622069 1
3.238772 4.968989 1
4.666963 5.138506 1
0.9943763 2.782678 0
1.314616 1.178637 0
1.22296 1.427797 0
0.725703 2.319479 0
1.038958 1.999650 0
0.8161801 2.173156 0
2.26926 2.199986 0
0.8741184 1.368722 0
1.348428 1.605759 0
1.893103 1.828098 0
1.176168 1.489105 0
0.3381534 1.393979 0
1.384553 1.942872 0
0.5160276 0.3438571 0
1.29459 0.7939828 0
1.049664 3.433348 0
0.918554 1.847009 0
0.5035789 0.6238661 0
-0.2914559 1.115319 0
2.241892 2.070275 0
4.837655 1.291888 0
7.117953 3.453191 0
3.348415 3.779893 0
5.041433 3.354897 0
5.194382 0.8458039 0
4.133318 0.646642 0
3.449395 2.753228 0
3.421788 0.4884382 0
2.169391 3.065383 0
4.672026 3.924506 0
5.154439 1.068819 0
6.799275 -0.304721 0
3.810404 0.9843046 0
4.077635 2.354763 0
2.104485 1.924636 0
2.910564 0.1202909 0
2.947194 2.626527 0
4.196157 2.12945 0
4.545846 1.847064 0
3.088468 3.03018 0
3.64449 1.613789 0
1.58766 2.037813 0
2.992693 1.128719 0
3.062198 0.9899134 0
0.2596938 1.42435 0
2.726899 0.4837096 0
0.7554232 2.085401 0
1.250972 1.244231 0
3.341951 1.327107 0
2.697245 2.983354 0
0.8867619 1.816663 0
0.2113108 1.688587 0
2.776135 1.719881 0
2.516351 2.345469 0
2.300565 0.7492818 0
0.868762 1.627366 0
1.917644 1.788103 0
2.79384 1.942064 0
1.324625 2.603343 0
3.182983 1.764400 0
